Processing: 'We've succeeded!'
--------------------------------------------------
1. bit stream
Mode indicator (Byte): 0100
Character count: 16 -> 00010000
Data encoding: 16 bytes -> 128 bits
  Byte 1: W = 0x57 = 01010111
  Byte 2: e = 0x65 = 01100101
  Byte 3: ' = 0x27 = 00100111
  Byte 4: v = 0x76 = 01110110
  Byte 5: e = 0x65 = 01100101
  Byte 6:   = 0x20 = 00100000
  Byte 7: s = 0x73 = 01110011
  Byte 8: u = 0x75 = 01110101
  Byte 9: c = 0x63 = 01100011
  Byte 10: c = 0x63 = 01100011
  Byte 11: e = 0x65 = 01100101
  Byte 12: e = 0x65 = 01100101
  Byte 13: d = 0x64 = 01100100
  Byte 14: e = 0x65 = 01100101
  Byte 15: d = 0x64 = 01100100
  Byte 16: ! = 0x21 = 00100001
--------------------------------------------------
2. Converting to byte array
Data codewords (19 bytes):
Dec: [65, 5, 118, 82, 119, 102, 82, 7, 55, 86, 54, 54, 86, 86, 70, 86, 66, 16, 236]
--------------------------------------------------
3. ECC
ECC codewords (7 bytes): [251, 105, 81, 232, 242, 172, 158]
Total codewords: 26 codewords
--------------------------------------------------
4. Building matrix structure
Finder patterns
Separators
Timing patterns
Dark module
Format zones reserved
Pattern placement done
--------------------------------------------------
5. Filling data modules
Data placed: 208 bits
--------------------------------------------------
6. Applying mask
Grid (before masking):
[[1 1 1 1 1 1 1 0 0 0 0 0 1 0 1 1 1 1 1 1 1]
 [1 0 0 0 0 0 1 0 0 1 0 0 0 0 1 0 0 0 0 0 1]
 [1 0 1 1 1 0 1 0 0 0 0 0 0 0 1 0 1 1 1 0 1]
 [1 0 1 1 1 0 1 0 0 0 0 1 0 0 1 0 1 1 1 0 1]
 [1 0 1 1 1 0 1 0 0 1 1 0 1 0 1 0 1 1 1 0 1]
 [1 0 0 0 0 0 1 0 0 0 1 1 0 0 1 0 0 0 0 0 1]
 [1 1 1 1 1 1 1 0 1 0 1 0 1 0 1 1 1 1 1 1 1]
 [0 0 0 0 0 0 0 0 0 1 1 1 0 0 0 0 0 0 0 0 0]
 [0 0 0 0 0 0 1 0 0 0 0 1 0 0 0 0 0 0 0 0 0]
 [0 1 0 0 1 1 0 0 0 1 1 0 1 1 0 1 1 1 0 0 1]
 [1 0 1 1 1 1 1 0 1 1 1 1 0 1 0 1 0 1 0 1 0]
 [1 1 0 1 0 0 0 0 1 0 1 0 0 1 0 1 1 0 0 1 1]
 [0 1 0 1 0 1 1 1 1 1 1 1 0 0 1 0 0 0 1 1 0]
 [0 0 0 0 0 0 0 0 1 1 0 0 1 0 0 1 1 1 0 1 0]
 [1 1 1 1 1 1 1 0 0 0 1 1 0 1 1 1 0 1 1 1 0]
 [1 0 0 0 0 0 1 0 0 0 1 1 0 1 0 0 0 1 0 0 0]
 [1 0 1 1 1 0 1 0 0 1 0 1 0 0 1 0 0 1 1 0 0]
 [1 0 1 1 1 0 1 0 0 1 0 0 1 0 0 0 1 1 0 1 0]
 [1 0 1 1 1 0 1 0 0 1 0 1 0 1 1 0 0 0 1 0 0]
 [1 0 0 0 0 0 1 0 0 0 0 1 0 1 0 1 0 1 0 0 0]
 [1 1 1 1 1 1 1 0 0 1 0 1 0 0 1 1 0 0 1 1 0]]
Mask pattern 0:
[[1 0 1 0 1 0 1 0 1 0 1 0 1 0 1 0 1 0 1 0 1]
 [0 1 0 1 0 1 0 1 0 1 0 1 0 1 0 1 0 1 0 1 0]
 [1 0 1 0 1 0 1 0 1 0 1 0 1 0 1 0 1 0 1 0 1]
 [0 1 0 1 0 1 0 1 0 1 0 1 0 1 0 1 0 1 0 1 0]
 [1 0 1 0 1 0 1 0 1 0 1 0 1 0 1 0 1 0 1 0 1]
 [0 1 0 1 0 1 0 1 0 1 0 1 0 1 0 1 0 1 0 1 0]
 [1 0 1 0 1 0 1 0 1 0 1 0 1 0 1 0 1 0 1 0 1]
 [0 1 0 1 0 1 0 1 0 1 0 1 0 1 0 1 0 1 0 1 0]
 [1 0 1 0 1 0 1 0 1 0 1 0 1 0 1 0 1 0 1 0 1]
 [0 1 0 1 0 1 0 1 0 1 0 1 0 1 0 1 0 1 0 1 0]
 [1 0 1 0 1 0 1 0 1 0 1 0 1 0 1 0 1 0 1 0 1]
 [0 1 0 1 0 1 0 1 0 1 0 1 0 1 0 1 0 1 0 1 0]
 [1 0 1 0 1 0 1 0 1 0 1 0 1 0 1 0 1 0 1 0 1]
 [0 1 0 1 0 1 0 1 0 1 0 1 0 1 0 1 0 1 0 1 0]
 [1 0 1 0 1 0 1 0 1 0 1 0 1 0 1 0 1 0 1 0 1]
 [0 1 0 1 0 1 0 1 0 1 0 1 0 1 0 1 0 1 0 1 0]
 [1 0 1 0 1 0 1 0 1 0 1 0 1 0 1 0 1 0 1 0 1]
 [0 1 0 1 0 1 0 1 0 1 0 1 0 1 0 1 0 1 0 1 0]
 [1 0 1 0 1 0 1 0 1 0 1 0 1 0 1 0 1 0 1 0 1]
 [0 1 0 1 0 1 0 1 0 1 0 1 0 1 0 1 0 1 0 1 0]
 [1 0 1 0 1 0 1 0 1 0 1 0 1 0 1 0 1 0 1 0 1]]
Modules masked: 104
--------------------------------------------------
7. Configuration
version: 1, ECC level: L, Mask: 0
Final grid (with masking):
 [[1 1 1 1 1 1 1 0 0 0 1 0 0 0 1 1 1 1 1 1 1]
 [1 0 0 0 0 0 1 0 0 0 0 1 0 0 1 0 0 0 0 0 1]
 [1 0 1 1 1 0 1 0 1 0 1 0 1 0 1 0 1 1 1 0 1]
 [1 0 1 1 1 0 1 0 0 1 0 0 0 0 1 0 1 1 1 0 1]
 [1 0 1 1 1 0 1 0 0 1 0 0 0 0 1 0 1 1 1 0 1]
 [1 0 0 0 0 0 1 0 0 1 1 0 0 0 1 0 0 0 0 0 1]
 [1 1 1 1 1 1 1 0 1 0 1 0 1 0 1 1 1 1 1 1 1]
 [0 0 0 0 0 0 0 0 1 0 1 0 0 0 0 0 0 0 0 0 0]
 [1 1 1 0 1 1 1 1 1 0 1 1 1 1 1 0 0 0 1 0 0]
 [0 0 0 1 1 0 0 1 0 0 1 1 1 0 0 0 1 0 0 1 1]
 [0 0 0 1 0 1 1 0 0 1 0 1 1 1 1 1 1 1 1 1 1]
 [1 0 0 0 0 1 0 1 1 1 1 1 0 0 0 0 1 1 0 0 1]
 [1 1 1 1 1 1 1 1 0 1 0 1 1 0 0 0 1 0 0 1 1]
 [0 0 0 0 0 0 0 0 1 0 0 1 1 1 0 0 1 0 0 0 0]
 [1 1 1 1 1 1 1 0 1 0 0 1 1 1 0 1 1 1 0 1 1]
 [1 0 0 0 0 0 1 0 1 1 1 0 0 0 0 1 0 0 0 1 0]
 [1 0 1 1 1 0 1 0 1 1 1 1 1 0 0 0 1 1 0 0 1]
 [1 0 1 1 1 0 1 0 0 0 0 1 1 1 0 1 1 0 0 0 0]
 [1 0 1 1 1 0 1 0 1 1 1 1 1 1 0 0 1 0 0 0 1]
 [1 0 0 0 0 0 1 0 1 1 0 0 0 0 0 0 0 0 0 1 0]
 [1 1 1 1 1 1 1 0 1 1 1 1 1 0 0 1 1 0 0 1 1]]
======================================================================
FINAL QR CODE
======================================================================

██████████████      ██      ██████████████
██          ██        ██    ██          ██
██  ██████  ██  ██  ██  ██  ██  ██████  ██
██  ██████  ██    ██        ██  ██████  ██
██  ██████  ██    ██        ██  ██████  ██
██          ██    ████      ██          ██
██████████████  ██  ██  ██  ██████████████
                ██  ██                    
██████  ██████████  ██████████      ██    
      ████    ██    ██████      ██    ████
      ██  ████    ██  ████████████████████
██        ██  ██████████        ████    ██
████████████████  ██  ████      ██    ████
                ██    ██████    ██        
██████████████  ██    ██████  ██████  ████
██          ██  ██████        ██      ██  
██  ██████  ██  ██████████      ████    ██
██  ██████  ██        ██████  ████        
██  ██████  ██  ████████████    ██      ██
██          ██  ████                  ██  
██████████████  ██████████    ████    ████

[Logger] recorded transaction ID: 3bcc0442
