Processing: '~¡256_-_aA&ñ'
--------------------------------------------------
1. bit stream
Mode indicator (Byte): 0100
Character count: 12 -> 00001100
Data encoding: 12 bytes -> 96 bits
  Byte 1: ~ = 0x7E = 01111110
  Byte 2: ? = 0xA1 = 10100001
  Byte 3: 2 = 0x32 = 00110010
  Byte 4: 5 = 0x35 = 00110101
  Byte 5: 6 = 0x36 = 00110110
  Byte 6: _ = 0x5F = 01011111
  Byte 7: - = 0x2D = 00101101
  Byte 8: _ = 0x5F = 01011111
  Byte 9: a = 0x61 = 01100001
  Byte 10: A = 0x41 = 01000001
  Byte 11: & = 0x26 = 00100110
  Byte 12: ? = 0xF1 = 11110001
--------------------------------------------------
2. Converting to byte array
Data codewords (19 bytes):
Dec: [64, 199, 234, 19, 35, 83, 101, 242, 213, 246, 20, 18, 111, 16, 236, 17, 236, 17, 236]
--------------------------------------------------
3. ECC
ECC codewords (7 bytes): [176, 109, 89, 167, 71, 38, 109]
Total codewords: 26 codewords
--------------------------------------------------
4. Building matrix structure
Finder patterns
Separators
Timing patterns
Dark module
Format zones reserved
Pattern placement done
--------------------------------------------------
5. Filling data modules
Data placed: 208 bits
--------------------------------------------------
6. Applying mask
Grid (before masking):
[[1 1 1 1 1 1 1 0 0 0 0 0 0 0 1 1 1 1 1 1 1]
 [1 0 0 0 0 0 1 0 0 1 0 1 1 0 1 0 0 0 0 0 1]
 [1 0 1 1 1 0 1 0 0 0 0 0 1 0 1 0 1 1 1 0 1]
 [1 0 1 1 1 0 1 0 0 1 0 1 1 0 1 0 1 1 1 0 1]
 [1 0 1 1 1 0 1 0 0 1 1 1 0 0 1 0 1 1 1 0 1]
 [1 0 0 0 0 0 1 0 0 0 1 0 0 0 1 0 0 0 0 0 1]
 [1 1 1 1 1 1 1 0 1 0 1 0 1 0 1 1 1 1 1 1 1]
 [0 0 0 0 0 0 0 0 0 1 1 1 0 0 0 0 0 0 0 0 0]
 [0 0 0 0 0 0 1 0 0 0 0 0 0 0 0 0 0 0 0 0 0]
 [1 0 0 1 1 0 0 1 1 0 1 0 0 1 1 1 0 0 0 0 1]
 [0 1 1 0 0 0 1 1 0 1 1 1 1 1 1 1 0 1 0 0 1]
 [1 1 0 1 1 0 0 0 1 0 0 0 1 1 0 1 0 0 0 0 1]
 [1 0 0 0 1 1 1 0 1 0 0 1 1 0 1 1 1 1 1 1 1]
 [0 0 0 0 0 0 0 0 1 1 0 0 0 0 0 0 1 0 0 1 1]
 [1 1 1 1 1 1 1 0 0 0 1 0 0 1 0 0 0 0 1 1 0]
 [1 0 0 0 0 0 1 0 0 1 1 1 0 1 0 1 1 0 0 0 0]
 [1 0 1 1 1 0 1 0 0 1 0 0 0 0 0 1 1 1 1 1 1]
 [1 0 1 1 1 0 1 0 0 1 0 1 1 0 0 1 0 1 0 0 0]
 [1 0 1 1 1 0 1 0 0 1 0 1 1 1 0 1 0 1 0 0 0]
 [1 0 0 0 0 0 1 0 0 0 1 0 1 0 0 0 1 0 0 0 0]
 [1 1 1 1 1 1 1 0 0 1 0 1 0 0 1 1 0 1 1 1 0]]
Mask pattern 0:
[[1 0 1 0 1 0 1 0 1 0 1 0 1 0 1 0 1 0 1 0 1]
 [0 1 0 1 0 1 0 1 0 1 0 1 0 1 0 1 0 1 0 1 0]
 [1 0 1 0 1 0 1 0 1 0 1 0 1 0 1 0 1 0 1 0 1]
 [0 1 0 1 0 1 0 1 0 1 0 1 0 1 0 1 0 1 0 1 0]
 [1 0 1 0 1 0 1 0 1 0 1 0 1 0 1 0 1 0 1 0 1]
 [0 1 0 1 0 1 0 1 0 1 0 1 0 1 0 1 0 1 0 1 0]
 [1 0 1 0 1 0 1 0 1 0 1 0 1 0 1 0 1 0 1 0 1]
 [0 1 0 1 0 1 0 1 0 1 0 1 0 1 0 1 0 1 0 1 0]
 [1 0 1 0 1 0 1 0 1 0 1 0 1 0 1 0 1 0 1 0 1]
 [0 1 0 1 0 1 0 1 0 1 0 1 0 1 0 1 0 1 0 1 0]
 [1 0 1 0 1 0 1 0 1 0 1 0 1 0 1 0 1 0 1 0 1]
 [0 1 0 1 0 1 0 1 0 1 0 1 0 1 0 1 0 1 0 1 0]
 [1 0 1 0 1 0 1 0 1 0 1 0 1 0 1 0 1 0 1 0 1]
 [0 1 0 1 0 1 0 1 0 1 0 1 0 1 0 1 0 1 0 1 0]
 [1 0 1 0 1 0 1 0 1 0 1 0 1 0 1 0 1 0 1 0 1]
 [0 1 0 1 0 1 0 1 0 1 0 1 0 1 0 1 0 1 0 1 0]
 [1 0 1 0 1 0 1 0 1 0 1 0 1 0 1 0 1 0 1 0 1]
 [0 1 0 1 0 1 0 1 0 1 0 1 0 1 0 1 0 1 0 1 0]
 [1 0 1 0 1 0 1 0 1 0 1 0 1 0 1 0 1 0 1 0 1]
 [0 1 0 1 0 1 0 1 0 1 0 1 0 1 0 1 0 1 0 1 0]
 [1 0 1 0 1 0 1 0 1 0 1 0 1 0 1 0 1 0 1 0 1]]
Modules masked: 104
--------------------------------------------------
7. Configuration
version: 1, ECC level: L, Mask: 0
Final grid (with masking):
 [[1 1 1 1 1 1 1 0 0 0 1 0 1 0 1 1 1 1 1 1 1]
 [1 0 0 0 0 0 1 0 0 0 0 0 1 0 1 0 0 0 0 0 1]
 [1 0 1 1 1 0 1 0 1 0 1 0 0 0 1 0 1 1 1 0 1]
 [1 0 1 1 1 0 1 0 0 0 0 0 1 0 1 0 1 1 1 0 1]
 [1 0 1 1 1 0 1 0 0 1 0 1 1 0 1 0 1 1 1 0 1]
 [1 0 0 0 0 0 1 0 0 1 1 1 0 0 1 0 0 0 0 0 1]
 [1 1 1 1 1 1 1 0 1 0 1 0 1 0 1 1 1 1 1 1 1]
 [0 0 0 0 0 0 0 0 1 0 1 0 0 0 0 0 0 0 0 0 0]
 [1 1 1 0 1 1 1 1 1 0 1 0 1 1 1 0 0 0 1 0 0]
 [1 1 0 0 1 1 0 0 1 1 1 1 0 0 1 0 0 1 0 1 1]
 [1 1 0 0 1 0 1 1 1 1 0 1 0 1 0 1 1 1 1 0 0]
 [1 0 0 0 1 1 0 1 1 1 0 1 1 0 0 0 0 1 0 1 1]
 [0 0 1 0 0 1 1 0 0 0 1 1 0 0 0 1 0 1 0 1 0]
 [0 0 0 0 0 0 0 0 1 0 0 1 0 1 0 1 1 1 0 0 1]
 [1 1 1 1 1 1 1 0 1 0 0 0 1 1 1 0 1 0 0 1 1]
 [1 0 0 0 0 0 1 0 1 0 1 0 0 0 0 0 1 1 0 1 0]
 [1 0 1 1 1 0 1 0 1 1 1 0 1 0 1 1 0 1 0 1 0]
 [1 0 1 1 1 0 1 0 0 0 0 0 1 1 0 0 0 0 0 1 0]
 [1 0 1 1 1 0 1 0 1 1 1 1 0 1 1 1 1 1 1 0 1]
 [1 0 0 0 0 0 1 0 1 1 1 1 1 1 0 1 1 1 0 1 0]
 [1 1 1 1 1 1 1 0 1 1 1 1 1 0 0 1 1 1 0 1 1]]
======================================================================
FINAL QR CODE
======================================================================

██████████████      ██  ██  ██████████████
██          ██          ██  ██          ██
██  ██████  ██  ██  ██      ██  ██████  ██
██  ██████  ██          ██  ██  ██████  ██
██  ██████  ██    ██  ████  ██  ██████  ██
██          ██    ██████    ██          ██
██████████████  ██  ██  ██  ██████████████
                ██  ██                    
██████  ██████████  ██  ██████      ██    
████    ████    ████████    ██    ██  ████
████    ██  ████████  ██  ██  ████████    
██      ████  ██████  ████        ██  ████
    ██    ████      ████      ██  ██  ██  
                ██    ██  ██  ██████    ██
██████████████  ██      ██████  ██    ████
██          ██  ██  ██          ████  ██  
██  ██████  ██  ██████  ██  ████  ██  ██  
██  ██████  ██          ████          ██  
██  ██████  ██  ████████  ████████████  ██
██          ██  ████████████  ██████  ██  
██████████████  ██████████    ██████  ████

[Logger] recorded transaction ID: 24560135
