Processing: 'known'
--------------------------------------------------
1. bit stream
Mode indicator (Byte): 0100
Character count: 5 -> 00000101
Data encoding: 5 bytes -> 40 bits
  Byte 1: k = 0x6B = 01101011
  Byte 2: n = 0x6E = 01101110
  Byte 3: o = 0x6F = 01101111
  Byte 4: w = 0x77 = 01110111
  Byte 5: n = 0x6E = 01101110
--------------------------------------------------
2. Converting to byte array
Data codewords (19 bytes):
Dec: [64, 86, 182, 230, 247, 118, 224, 236, 17, 236, 17, 236, 17, 236, 17, 236, 17, 236, 17]
--------------------------------------------------
3. ECC
ECC codewords (7 bytes): [235, 144, 72, 165, 59, 155, 17]
Total codewords: 26 codewords
--------------------------------------------------
4. Building matrix structure
Finder patterns
Separators
Timing patterns
Dark module
Format zones reserved
Pattern placement done
--------------------------------------------------
5. Filling data modules
Data placed: 208 bits
--------------------------------------------------
6. Applying mask
Grid (before masking):
[[1 1 1 1 1 1 1 0 0 1 1 1 0 0 1 1 1 1 1 1 1]
 [1 0 0 0 0 0 1 0 0 0 1 0 0 0 1 0 0 0 0 0 1]
 [1 0 1 1 1 0 1 0 0 1 1 1 0 0 1 0 1 1 1 0 1]
 [1 0 1 1 1 0 1 0 0 0 0 0 0 0 1 0 1 1 1 0 1]
 [1 0 1 1 1 0 1 0 0 0 0 0 0 0 1 0 1 1 1 0 1]
 [1 0 0 0 0 0 1 0 0 1 0 1 1 0 1 0 0 0 0 0 1]
 [1 1 1 1 1 1 1 0 1 0 1 0 1 0 1 1 1 1 1 1 1]
 [0 0 0 0 0 0 0 0 0 0 0 0 1 0 0 0 0 0 0 0 0]
 [0 0 0 0 0 0 1 0 0 1 0 1 1 0 0 0 0 0 0 0 0]
 [0 0 1 1 0 0 0 1 0 1 1 1 0 1 1 1 0 1 1 0 1]
 [1 0 0 1 1 1 1 1 0 0 1 0 0 0 1 0 0 0 1 1 0]
 [0 0 1 0 0 1 0 0 1 0 1 1 0 1 1 1 0 1 0 1 1]
 [1 0 0 1 1 1 1 0 1 1 1 0 0 0 0 0 0 0 1 0 1]
 [0 0 0 0 0 0 0 0 1 0 1 0 0 0 0 0 0 1 1 0 1]
 [1 1 1 1 1 1 1 0 0 1 0 1 1 1 0 1 1 1 1 1 0]
 [1 0 0 0 0 0 1 0 0 0 0 0 1 0 0 0 1 1 0 1 0]
 [1 0 1 1 1 0 1 0 0 0 0 1 1 1 0 1 1 1 1 1 0]
 [1 0 1 1 1 0 1 0 0 1 0 1 0 1 1 0 0 1 0 0 0]
 [1 0 1 1 1 0 1 0 0 0 0 0 0 0 1 0 0 1 1 0 0]
 [1 0 0 0 0 0 1 0 0 0 1 1 0 1 1 0 1 1 0 0 0]
 [1 1 1 1 1 1 1 0 0 0 0 0 0 0 0 1 1 0 1 1 0]]
Mask pattern 0:
[[1 0 1 0 1 0 1 0 1 0 1 0 1 0 1 0 1 0 1 0 1]
 [0 1 0 1 0 1 0 1 0 1 0 1 0 1 0 1 0 1 0 1 0]
 [1 0 1 0 1 0 1 0 1 0 1 0 1 0 1 0 1 0 1 0 1]
 [0 1 0 1 0 1 0 1 0 1 0 1 0 1 0 1 0 1 0 1 0]
 [1 0 1 0 1 0 1 0 1 0 1 0 1 0 1 0 1 0 1 0 1]
 [0 1 0 1 0 1 0 1 0 1 0 1 0 1 0 1 0 1 0 1 0]
 [1 0 1 0 1 0 1 0 1 0 1 0 1 0 1 0 1 0 1 0 1]
 [0 1 0 1 0 1 0 1 0 1 0 1 0 1 0 1 0 1 0 1 0]
 [1 0 1 0 1 0 1 0 1 0 1 0 1 0 1 0 1 0 1 0 1]
 [0 1 0 1 0 1 0 1 0 1 0 1 0 1 0 1 0 1 0 1 0]
 [1 0 1 0 1 0 1 0 1 0 1 0 1 0 1 0 1 0 1 0 1]
 [0 1 0 1 0 1 0 1 0 1 0 1 0 1 0 1 0 1 0 1 0]
 [1 0 1 0 1 0 1 0 1 0 1 0 1 0 1 0 1 0 1 0 1]
 [0 1 0 1 0 1 0 1 0 1 0 1 0 1 0 1 0 1 0 1 0]
 [1 0 1 0 1 0 1 0 1 0 1 0 1 0 1 0 1 0 1 0 1]
 [0 1 0 1 0 1 0 1 0 1 0 1 0 1 0 1 0 1 0 1 0]
 [1 0 1 0 1 0 1 0 1 0 1 0 1 0 1 0 1 0 1 0 1]
 [0 1 0 1 0 1 0 1 0 1 0 1 0 1 0 1 0 1 0 1 0]
 [1 0 1 0 1 0 1 0 1 0 1 0 1 0 1 0 1 0 1 0 1]
 [0 1 0 1 0 1 0 1 0 1 0 1 0 1 0 1 0 1 0 1 0]
 [1 0 1 0 1 0 1 0 1 0 1 0 1 0 1 0 1 0 1 0 1]]
Modules masked: 104
--------------------------------------------------
7. Configuration
version: 1, ECC level: L, Mask: 0
Final grid (with masking):
 [[1 1 1 1 1 1 1 0 0 1 0 1 1 0 1 1 1 1 1 1 1]
 [1 0 0 0 0 0 1 0 0 1 1 1 0 0 1 0 0 0 0 0 1]
 [1 0 1 1 1 0 1 0 1 1 0 1 1 0 1 0 1 1 1 0 1]
 [1 0 1 1 1 0 1 0 0 1 0 1 0 0 1 0 1 1 1 0 1]
 [1 0 1 1 1 0 1 0 0 0 1 0 1 0 1 0 1 1 1 0 1]
 [1 0 0 0 0 0 1 0 0 0 0 0 1 0 1 0 0 0 0 0 1]
 [1 1 1 1 1 1 1 0 1 0 1 0 1 0 1 1 1 1 1 1 1]
 [0 0 0 0 0 0 0 0 1 1 0 1 1 0 0 0 0 0 0 0 0]
 [1 1 1 0 1 1 1 1 1 1 1 1 0 1 1 0 0 0 1 0 0]
 [0 1 1 0 0 1 0 0 0 0 1 0 0 0 1 0 0 0 1 1 1]
 [0 0 1 1 0 1 1 1 1 0 0 0 1 0 0 0 1 0 0 1 1]
 [0 1 1 1 0 0 0 1 1 1 1 0 0 0 1 0 0 0 0 0 1]
 [0 0 1 1 0 1 1 0 0 1 0 0 1 0 1 0 1 0 0 0 0]
 [0 0 0 0 0 0 0 0 1 1 1 1 0 1 0 1 0 0 1 1 1]
 [1 1 1 1 1 1 1 0 1 1 1 1 0 1 1 1 0 1 0 1 1]
 [1 0 0 0 0 0 1 0 1 1 0 1 1 1 0 1 1 0 0 0 0]
 [1 0 1 1 1 0 1 0 1 0 1 1 0 1 1 1 0 1 0 1 1]
 [1 0 1 1 1 0 1 0 0 0 0 0 0 0 1 1 0 0 0 1 0]
 [1 0 1 1 1 0 1 0 1 0 1 0 1 0 0 0 1 1 0 0 1]
 [1 0 0 0 0 0 1 0 1 1 1 0 0 0 1 1 1 0 0 1 0]
 [1 1 1 1 1 1 1 0 1 0 1 0 1 0 1 1 0 0 0 1 1]]
======================================================================
FINAL QR CODE
======================================================================

██████████████    ██  ████  ██████████████
██          ██    ██████    ██          ██
██  ██████  ██  ████  ████  ██  ██████  ██
██  ██████  ██    ██  ██    ██  ██████  ██
██  ██████  ██      ██  ██  ██  ██████  ██
██          ██          ██  ██          ██
██████████████  ██  ██  ██  ██████████████
                ████  ████                
██████  ████████████████  ████      ██    
  ████    ██        ██      ██      ██████
    ████  ████████      ██      ██    ████
  ██████      ████████      ██          ██
    ████  ████    ██    ██  ██  ██        
                ████████  ██  ██    ██████
██████████████  ████████  ██████  ██  ████
██          ██  ████  ██████  ████        
██  ██████  ██  ██  ████  ██████  ██  ████
██  ██████  ██              ████      ██  
██  ██████  ██  ██  ██  ██      ████    ██
██          ██  ██████      ██████    ██  
██████████████  ██  ██  ██  ████      ████

[Logger] recorded transaction ID: 67aacc15
